run_number,world-size,patch_resolution,landscape_number,hab_amount,clumpiness,specie,perceptual_range,initial_individuals,mortality_habitat,mortality_matrix,min_dist_before_settle,origin_site,min_Ci,var_Ci,behaviours,discharge-rate,En_mean,En_sd,import_hab_quality_surface,hab_quality_folder,hab_quality_per_frag,ac_simple,autocorrelation,ac,
0,150,10,3,5,32,DA,200,1000,0.001,0.002,1000,false,0.5,0.4,0,2.0E-4,0.2,0.1,false,hab_quality/256/,false,true,4,0,
1,150,10,0,29,59,DA,200,1000,0.001,0.002,1000,false,0.5,0.4,[0 0.5 1 1.5 2],2.0E-4,0.2,0.1,false,hab_quality/256/,false,true,4,0,
2,150,10,6,30,15,DA,200,1000,0.001,0.002,1000,false,0.5,0.4,[0 0.5 1 1.5 2],2.0E-4,0.2,0.1,false,hab_quality/256/,false,true,4,0,
3,150,10,4,49,92,DA,200,1000,0.001,0.002,1000,false,0.5,0.4,[0 0.5 1 1.5 2],2.0E-4,0.2,0.1,false,hab_quality/256/,false,true,4,0,
4,150,10,1,50,59,DA,200,1000,0.001,0.002,1000,false,0.5,0.4,[0 0.5 1 1.5 2],2.0E-4,0.2,0.1,false,hab_quality/256/,false,true,4,0,
5,150,10,2,57,41,DA,200,1000,0.001,0.002,1000,false,0.5,0.4,[0 0.5 1 1.5 2],2.0E-4,0.2,0.1,false,hab_quality/256/,false,true,4,0,
6,150,10,5,65,30,DA,200,1000,0.001,0.002,1000,false,0.5,0.4,[0 0.5 1 1.5 2],2.0E-4,0.2,0.1,false,hab_quality/256/,false,true,4,0,
7,150,10,7,18,80,DA,200,1000,0.001,0.002,1000,false,0.5,0.4,[0 0.5 1 1.5 2],2.0E-4,0.2,0.1,false,hab_quality/256/,false,true,4,0,
8,150,10,8,6,24,DA,200,1000,0.001,0.002,1000,false,0.5,0.4,0,2.0E-4,0.2,0.1,false,hab_quality/256/,false,true,4,0,
9,150,10,10,5,53,DA,200,1000,0.001,0.002,1000,false,0.5,0.4,0,2.0E-4,0.2,0.1,false,hab_quality/256/,false,true,4,0,
10,150,10,9,24,45,DA,200,1000,0.001,0.002,1000,false,0.5,0.4,[0 0.5 1 1.5 2],2.0E-4,0.2,0.1,false,hab_quality/256/,false,true,4,0,
11,150,10,12,20,42,DA,200,1000,0.001,0.002,1000,false,0.5,0.4,[0 0.5 1 1.5 2],2.0E-4,0.2,0.1,false,hab_quality/256/,false,true,4,0,
12,150,10,14,17,96,DA,200,1000,0.001,0.002,1000,false,0.5,0.4,[0 0.5 1 1.5 2],2.0E-4,0.2,0.1,false,hab_quality/256/,false,true,4,0,
13,150,10,11,58,94,DA,200,1000,0.001,0.002,1000,false,0.5,0.4,[0 0.5 1 1.5 2],2.0E-4,0.2,0.1,false,hab_quality/256/,false,true,4,0,
14,150,10,13,46,95,DA,200,1000,0.001,0.002,1000,false,0.5,0.4,[0 0.5 1 1.5 2],2.0E-4,0.2,0.1,false,hab_quality/256/,false,true,4,0,
15,150,10,15,20,47,DA,200,1000,0.001,0.002,1000,false,0.5,0.4,[0 0.5 1 1.5 2],2.0E-4,0.2,0.1,false,hab_quality/256/,false,true,4,0,
16,150,10,18,36,66,DA,200,1000,0.001,0.002,1000,false,0.5,0.4,[0 0.5 1 1.5 2],2.0E-4,0.2,0.1,false,hab_quality/256/,false,true,4,0,
17,150,10,17,51,96,DA,200,1000,0.001,0.002,1000,false,0.5,0.4,[0 0.5 1 1.5 2],2.0E-4,0.2,0.1,false,hab_quality/256/,false,true,4,0,
18,150,10,20,21,71,DA,200,1000,0.001,0.002,1000,false,0.5,0.4,[0 0.5 1 1.5 2],2.0E-4,0.2,0.1,false,hab_quality/256/,false,true,4,0,
19,150,10,16,67,49,DA,200,1000,0.001,0.002,1000,false,0.5,0.4,[0 0.5 1 1.5 2],2.0E-4,0.2,0.1,false,hab_quality/256/,false,true,4,0,
20,150,10,19,54,31,DA,200,1000,0.001,0.002,1000,false,0.5,0.4,[0 0.5 1 1.5 2],2.0E-4,0.2,0.1,false,hab_quality/256/,false,true,4,0,
21,150,10,21,35,99,DA,200,1000,0.001,0.002,1000,false,0.5,0.4,[0 0.5 1 1.5 2],2.0E-4,0.2,0.1,false,hab_quality/256/,false,true,4,0,
22,150,10,22,19,36,DA,200,1000,0.001,0.002,1000,false,0.5,0.4,[0 0.5 1 1.5 2],2.0E-4,0.2,0.1,false,hab_quality/256/,false,true,4,0,
23,150,10,23,19,71,DA,200,1000,0.001,0.002,1000,false,0.5,0.4,[0 0.5 1 1.5 2],2.0E-4,0.2,0.1,false,hab_quality/256/,false,true,4,0,
24,150,10,25,23,88,DA,200,1000,0.001,0.002,1000,false,0.5,0.4,[0 0.5 1 1.5 2],2.0E-4,0.2,0.1,false,hab_quality/256/,false,true,4,0,
25,150,10,24,50,19,DA,200,1000,0.001,0.002,1000,false,0.5,0.4,[0 0.5 1 1.5 2],2.0E-4,0.2,0.1,false,hab_quality/256/,false,true,4,0,
26,150,10,26,10,88,DA,200,1000,0.001,0.002,1000,false,0.5,0.4,[0 0.5 1 1.5 2],2.0E-4,0.2,0.1,false,hab_quality/256/,false,true,4,0,
27,150,10,27,10,50,DA,200,1000,0.001,0.002,1000,false,0.5,0.4,[0 0.5 1 1.5 2],2.0E-4,0.2,0.1,false,hab_quality/256/,false,true,4,0,
28,150,10,28,20,14,DA,200,1000,0.001,0.002,1000,false,0.5,0.4,[0 0.5 1 1.5 2],2.0E-4,0.2,0.1,false,hab_quality/256/,false,true,4,0,
29,150,10,29,36,39,DA,200,1000,0.001,0.002,1000,false,0.5,0.4,[0 0.5 1 1.5 2],2.0E-4,0.2,0.1,false,hab_quality/256/,false,true,4,0,
30,150,10,32,30,50,DA,200,1000,0.001,0.002,1000,false,0.5,0.4,[0 0.5 1 1.5 2],2.0E-4,0.2,0.1,false,hab_quality/256/,false,true,4,0,
31,150,10,31,43,81,DA,200,1000,0.001,0.002,1000,false,0.5,0.4,[0 0.5 1 1.5 2],2.0E-4,0.2,0.1,false,hab_quality/256/,false,true,4,0,
32,150,10,30,66,45,DA,200,1000,0.001,0.002,1000,false,0.5,0.4,[0 0.5 1 1.5 2],2.0E-4,0.2,0.1,false,hab_quality/256/,false,true,4,0,
33,150,10,34,5,57,DA,200,1000,0.001,0.002,1000,false,0.5,0.4,[0 0.5 1 1.5 2],2.0E-4,0.2,0.1,false,hab_quality/256/,false,true,4,0,
34,150,10,33,69,89,DA,200,1000,0.001,0.002,1000,false,0.5,0.4,[0 0.5 1 1.5 2],2.0E-4,0.2,0.1,false,hab_quality/256/,false,true,4,0,
35,150,10,35,48,81,DA,200,1000,0.001,0.002,1000,false,0.5,0.4,[0 0.5 1 1.5 2],2.0E-4,0.2,0.1,false,hab_quality/256/,false,true,4,0,
36,150,10,36,10,66,DA,200,1000,0.001,0.002,1000,false,0.5,0.4,[0 0.5 1 1.5 2],2.0E-4,0.2,0.1,false,hab_quality/256/,false,true,4,0,
37,150,10,37,6,18,DA,200,1000,0.001,0.002,1000,false,0.5,0.4,[0 0.5 1 1.5 2],2.0E-4,0.2,0.1,false,hab_quality/256/,false,true,4,0,
38,150,10,38,18,15,DA,200,1000,0.001,0.002,1000,false,0.5,0.4,[0 0.5 1 1.5 2],2.0E-4,0.2,0.1,false,hab_quality/256/,false,true,4,0,
39,150,10,39,61,70,DA,200,1000,0.001,0.002,1000,false,0.5,0.4,[0 0.5 1 1.5 2],2.0E-4,0.2,0.1,false,hab_quality/256/,false,true,4,0,
40,150,10,40,68,59,DA,200,1000,0.001,0.002,1000,false,0.5,0.4,[0 0.5 1 1.5 2],2.0E-4,0.2,0.1,false,hab_quality/256/,false,true,4,0,
41,150,10,43,23,53,DA,200,1000,0.001,0.002,1000,false,0.5,0.4,[0 0.5 1 1.5 2],2.0E-4,0.2,0.1,false,hab_quality/256/,false,true,4,0,
42,150,10,41,65,32,DA,200,1000,0.001,0.002,1000,false,0.5,0.4,[0 0.5 1 1.5 2],2.0E-4,0.2,0.1,false,hab_quality/256/,false,true,4,0,
43,150,10,44,25,27,DA,200,1000,0.001,0.002,1000,false,0.5,0.4,[0 0.5 1 1.5 2],2.0E-4,0.2,0.1,false,hab_quality/256/,false,true,4,0,
44,150,10,42,64,10,DA,200,1000,0.001,0.002,1000,false,0.5,0.4,[0 0.5 1 1.5 2],2.0E-4,0.2,0.1,false,hab_quality/256/,false,true,4,0,
45,150,10,45,20,60,DA,200,1000,0.001,0.002,1000,false,0.5,0.4,[0 0.5 1 1.5 2],2.0E-4,0.2,0.1,false,hab_quality/256/,false,true,4,0,
46,150,10,46,29,77,DA,200,1000,0.001,0.002,1000,false,0.5,0.4,[0 0.5 1 1.5 2],2.0E-4,0.2,0.1,false,hab_quality/256/,false,true,4,0,
47,150,10,47,7,5,DA,200,1000,0.001,0.002,1000,false,0.5,0.4,0,2.0E-4,0.2,0.1,false,hab_quality/256/,false,true,4,0,
48,150,10,48,36,30,DA,200,1000,0.001,0.002,1000,false,0.5,0.4,[0 0.5 1 1.5 2],2.0E-4,0.2,0.1,false,hab_quality/256/,false,true,4,0,
49,150,10,49,33,24,DA,200,1000,0.001,0.002,1000,false,0.5,0.4,[0 0.5 1 1.5 2],2.0E-4,0.2,0.1,false,hab_quality/256/,false,true,4,0,
50,150,10,50,18,33,DA,200,1000,0.001,0.002,1000,false,0.5,0.4,[0 0.5 1 1.5 2],2.0E-4,0.2,0.1,false,hab_quality/256/,false,true,4,0,
51,150,10,52,12,13,DA,200,1000,0.001,0.002,1000,false,0.5,0.4,[0 0.5 1 1.5 2],2.0E-4,0.2,0.1,false,hab_quality/256/,false,true,4,0,
52,150,10,51,68,37,DA,200,1000,0.001,0.002,1000,false,0.5,0.4,[0 0.5 1 1.5 2],2.0E-4,0.2,0.1,false,hab_quality/256/,false,true,4,0,
53,150,10,53,48,70,DA,200,1000,0.001,0.002,1000,false,0.5,0.4,[0 0.5 1 1.5 2],2.0E-4,0.2,0.1,false,hab_quality/256/,false,true,4,0,
54,150,10,54,19,8,DA,200,1000,0.001,0.002,1000,false,0.5,0.4,[0 0.5 1 1.5 2],2.0E-4,0.2,0.1,false,hab_quality/256/,false,true,4,0,
55,150,10,56,38,8,DA,200,1000,0.001,0.002,1000,false,0.5,0.4,[0 0.5 1 1.5 2],2.0E-4,0.2,0.1,false,hab_quality/256/,false,true,4,0,
56,150,10,55,51,34,DA,200,1000,0.001,0.002,1000,false,0.5,0.4,[0 0.5 1 1.5 2],2.0E-4,0.2,0.1,false,hab_quality/256/,false,true,4,0,
57,150,10,57,14,68,DA,200,1000,0.001,0.002,1000,false,0.5,0.4,[0 0.5 1 1.5 2],2.0E-4,0.2,0.1,false,hab_quality/256/,false,true,4,0,
58,150,10,58,40,87,DA,200,1000,0.001,0.002,1000,false,0.5,0.4,[0 0.5 1 1.5 2],2.0E-4,0.2,0.1,false,hab_quality/256/,false,true,4,0,
59,150,10,59,27,70,DA,200,1000,0.001,0.002,1000,false,0.5,0.4,[0 0.5 1 1.5 2],2.0E-4,0.2,0.1,false,hab_quality/256/,false,true,4,0,
60,150,10,61,27,63,DA,200,1000,0.001,0.002,1000,false,0.5,0.4,[0 0.5 1 1.5 2],2.0E-4,0.2,0.1,false,hab_quality/256/,false,true,4,0,
61,150,10,62,17,7,DA,200,1000,0.001,0.002,1000,false,0.5,0.4,[0 0.5 1 1.5 2],2.0E-4,0.2,0.1,false,hab_quality/256/,false,true,4,0,
62,150,10,60,66,38,DA,200,1000,0.001,0.002,1000,false,0.5,0.4,[0 0.5 1 1.5 2],2.0E-4,0.2,0.1,false,hab_quality/256/,false,true,4,0,
63,150,10,63,58,9,DA,200,1000,0.001,0.002,1000,false,0.5,0.4,[0 0.5 1 1.5 2],2.0E-4,0.2,0.1,false,hab_quality/256/,false,true,4,0,
64,150,10,64,49,21,DA,200,1000,0.001,0.002,1000,false,0.5,0.4,[0 0.5 1 1.5 2],2.0E-4,0.2,0.1,false,hab_quality/256/,false,true,4,0,
65,150,10,65,58,60,DA,200,1000,0.001,0.002,1000,false,0.5,0.4,[0 0.5 1 1.5 2],2.0E-4,0.2,0.1,false,hab_quality/256/,false,true,4,0,
66,150,10,66,15,47,DA,200,1000,0.001,0.002,1000,false,0.5,0.4,[0 0.5 1 1.5 2],2.0E-4,0.2,0.1,false,hab_quality/256/,false,true,4,0,
67,150,10,67,47,43,DA,200,1000,0.001,0.002,1000,false,0.5,0.4,[0 0.5 1 1.5 2],2.0E-4,0.2,0.1,false,hab_quality/256/,false,true,4,0,
68,150,10,68,54,66,DA,200,1000,0.001,0.002,1000,false,0.5,0.4,[0 0.5 1 1.5 2],2.0E-4,0.2,0.1,false,hab_quality/256/,false,true,4,0,
69,150,10,70,41,36,DA,200,1000,0.001,0.002,1000,false,0.5,0.4,[0 0.5 1 1.5 2],2.0E-4,0.2,0.1,false,hab_quality/256/,false,true,4,0,
70,150,10,69,66,65,DA,200,1000,0.001,0.002,1000,false,0.5,0.4,[0 0.5 1 1.5 2],2.0E-4,0.2,0.1,false,hab_quality/256/,false,true,4,0,
71,150,10,71,58,88,DA,200,1000,0.001,0.002,1000,false,0.5,0.4,[0 0.5 1 1.5 2],2.0E-4,0.2,0.1,false,hab_quality/256/,false,true,4,0,
72,150,10,72,10,63,DA,200,1000,0.001,0.002,1000,false,0.5,0.4,[0 0.5 1 1.5 2],2.0E-4,0.2,0.1,false,hab_quality/256/,false,true,4,0,
73,150,10,73,36,23,DA,200,1000,0.001,0.002,1000,false,0.5,0.4,[0 0.5 1 1.5 2],2.0E-4,0.2,0.1,false,hab_quality/256/,false,true,4,0,
74,150,10,74,6,69,DA,200,1000,0.001,0.002,1000,false,0.5,0.4,[0 0.5 1 1.5 2],2.0E-4,0.2,0.1,false,hab_quality/256/,false,true,4,0,
75,150,10,75,52,45,DA,200,1000,0.001,0.002,1000,false,0.5,0.4,[0 0.5 1 1.5 2],2.0E-4,0.2,0.1,false,hab_quality/256/,false,true,4,0,
76,150,10,76,51,86,DA,200,1000,0.001,0.002,1000,false,0.5,0.4,[0 0.5 1 1.5 2],2.0E-4,0.2,0.1,false,hab_quality/256/,false,true,4,0,
77,150,10,77,59,62,DA,200,1000,0.001,0.002,1000,false,0.5,0.4,[0 0.5 1 1.5 2],2.0E-4,0.2,0.1,false,hab_quality/256/,false,true,4,0,
78,150,10,78,34,71,DA,200,1000,0.001,0.002,1000,false,0.5,0.4,[0 0.5 1 1.5 2],2.0E-4,0.2,0.1,false,hab_quality/256/,false,true,4,0,
79,150,10,79,41,79,DA,200,1000,0.001,0.002,1000,false,0.5,0.4,[0 0.5 1 1.5 2],2.0E-4,0.2,0.1,false,hab_quality/256/,false,true,4,0,
80,150,10,81,10,63,DA,200,1000,0.001,0.002,1000,false,0.5,0.4,[0 0.5 1 1.5 2],2.0E-4,0.2,0.1,false,hab_quality/256/,false,true,4,0,
81,150,10,80,64,70,DA,200,1000,0.001,0.002,1000,false,0.5,0.4,[0 0.5 1 1.5 2],2.0E-4,0.2,0.1,false,hab_quality/256/,false,true,4,0,
82,150,10,82,19,54,DA,200,1000,0.001,0.002,1000,false,0.5,0.4,[0 0.5 1 1.5 2],2.0E-4,0.2,0.1,false,hab_quality/256/,false,true,4,0,
83,150,10,83,27,87,DA,200,1000,0.001,0.002,1000,false,0.5,0.4,[0 0.5 1 1.5 2],2.0E-4,0.2,0.1,false,hab_quality/256/,false,true,4,0,
84,150,10,84,11,32,DA,200,1000,0.001,0.002,1000,false,0.5,0.4,[0 0.5 1 1.5 2],2.0E-4,0.2,0.1,false,hab_quality/256/,false,true,4,0,
85,150,10,85,36,90,DA,200,1000,0.001,0.002,1000,false,0.5,0.4,[0 0.5 1 1.5 2],2.0E-4,0.2,0.1,false,hab_quality/256/,false,true,4,0,
86,150,10,86,23,9,DA,200,1000,0.001,0.002,1000,false,0.5,0.4,[0 0.5 1 1.5 2],2.0E-4,0.2,0.1,false,hab_quality/256/,false,true,4,0,
87,150,10,87,11,75,DA,200,1000,0.001,0.002,1000,false,0.5,0.4,[0 0.5 1 1.5 2],2.0E-4,0.2,0.1,false,hab_quality/256/,false,true,4,0,
88,150,10,90,32,53,DA,200,1000,0.001,0.002,1000,false,0.5,0.4,[0 0.5 1 1.5 2],2.0E-4,0.2,0.1,false,hab_quality/256/,false,true,4,0,
89,150,10,88,64,77,DA,200,1000,0.001,0.002,1000,false,0.5,0.4,[0 0.5 1 1.5 2],2.0E-4,0.2,0.1,false,hab_quality/256/,false,true,4,0,
90,150,10,89,62,46,DA,200,1000,0.001,0.002,1000,false,0.5,0.4,[0 0.5 1 1.5 2],2.0E-4,0.2,0.1,false,hab_quality/256/,false,true,4,0,
91,150,10,91,46,34,DA,200,1000,0.001,0.002,1000,false,0.5,0.4,[0 0.5 1 1.5 2],2.0E-4,0.2,0.1,false,hab_quality/256/,false,true,4,0,
92,150,10,92,25,28,DA,200,1000,0.001,0.002,1000,false,0.5,0.4,[0 0.5 1 1.5 2],2.0E-4,0.2,0.1,false,hab_quality/256/,false,true,4,0,
93,150,10,93,39,65,DA,200,1000,0.001,0.002,1000,false,0.5,0.4,[0 0.5 1 1.5 2],2.0E-4,0.2,0.1,false,hab_quality/256/,false,true,4,0,
94,150,10,94,42,10,DA,200,1000,0.001,0.002,1000,false,0.5,0.4,[0 0.5 1 1.5 2],2.0E-4,0.2,0.1,false,hab_quality/256/,false,true,4,0,
95,150,10,96,41,98,DA,200,1000,0.001,0.002,1000,false,0.5,0.4,[0 0.5 1 1.5 2],2.0E-4,0.2,0.1,false,hab_quality/256/,false,true,4,0,
96,150,10,95,67,92,DA,200,1000,0.001,0.002,1000,false,0.5,0.4,[0 0.5 1 1.5 2],2.0E-4,0.2,0.1,false,hab_quality/256/,false,true,4,0,
97,150,10,97,27,36,DA,200,1000,0.001,0.002,1000,false,0.5,0.4,[0 0.5 1 1.5 2],2.0E-4,0.2,0.1,false,hab_quality/256/,false,true,4,0,
98,150,10,98,12,70,DA,200,1000,0.001,0.002,1000,false,0.5,0.4,[0 0.5 1 1.5 2],2.0E-4,0.2,0.1,false,hab_quality/256/,false,true,4,0,
99,150,10,99,21,57,DA,200,1000,0.001,0.002,1000,false,0.5,0.4,[0 0.5 1 1.5 2],2.0E-4,0.2,0.1,false,hab_quality/256/,false,true,4,0,
100,150,10,3,5,32,PQ,100,1000,0.001,0.002,1000,false,0.5,0.4,0,2.0E-4,0.2,0.1,false,hab_quality/256/,false,true,4,0,
101,150,10,0,29,59,PQ,100,1000,0.001,0.002,1000,false,0.5,0.4,[0 0.5 1 1.5 2],2.0E-4,0.2,0.1,false,hab_quality/256/,false,true,4,0,
102,150,10,6,30,15,PQ,100,1000,0.001,0.002,1000,false,0.5,0.4,[0 0.5 1 1.5 2],2.0E-4,0.2,0.1,false,hab_quality/256/,false,true,4,0,
103,150,10,4,49,92,PQ,100,1000,0.001,0.002,1000,false,0.5,0.4,[0 0.5 1 1.5 2],2.0E-4,0.2,0.1,false,hab_quality/256/,false,true,4,0,
104,150,10,1,50,59,PQ,100,1000,0.001,0.002,1000,false,0.5,0.4,[0 0.5 1 1.5 2],2.0E-4,0.2,0.1,false,hab_quality/256/,false,true,4,0,
105,150,10,2,57,41,PQ,100,1000,0.001,0.002,1000,false,0.5,0.4,[0 0.5 1 1.5 2],2.0E-4,0.2,0.1,false,hab_quality/256/,false,true,4,0,
106,150,10,5,65,30,PQ,100,1000,0.001,0.002,1000,false,0.5,0.4,[0 0.5 1 1.5 2],2.0E-4,0.2,0.1,false,hab_quality/256/,false,true,4,0,
107,150,10,8,6,24,PQ,100,1000,0.001,0.002,1000,false,0.5,0.4,0,2.0E-4,0.2,0.1,false,hab_quality/256/,false,true,4,0,
108,150,10,7,18,80,PQ,100,1000,0.001,0.002,1000,false,0.5,0.4,[0 0.5 1 1.5 2],2.0E-4,0.2,0.1,false,hab_quality/256/,false,true,4,0,
109,150,10,9,24,45,PQ,100,1000,0.001,0.002,1000,false,0.5,0.4,[0 0.5 1 1.5 2],2.0E-4,0.2,0.1,false,hab_quality/256/,false,true,4,0,
110,150,10,10,5,53,PQ,100,1000,0.001,0.002,1000,false,0.5,0.4,0,2.0E-4,0.2,0.1,false,hab_quality/256/,false,true,4,0,
111,150,10,12,20,42,PQ,100,1000,0.001,0.002,1000,false,0.5,0.4,[0 0.5 1 1.5 2],2.0E-4,0.2,0.1,false,hab_quality/256/,false,true,4,0,
112,150,10,11,58,94,PQ,100,1000,0.001,0.002,1000,false,0.5,0.4,[0 0.5 1 1.5 2],2.0E-4,0.2,0.1,false,hab_quality/256/,false,true,4,0,
113,150,10,14,17,96,PQ,100,1000,0.001,0.002,1000,false,0.5,0.4,[0 0.5 1 1.5 2],2.0E-4,0.2,0.1,false,hab_quality/256/,false,true,4,0,
114,150,10,13,46,95,PQ,100,1000,0.001,0.002,1000,false,0.5,0.4,[0 0.5 1 1.5 2],2.0E-4,0.2,0.1,false,hab_quality/256/,false,true,4,0,
115,150,10,15,20,47,PQ,100,1000,0.001,0.002,1000,false,0.5,0.4,[0 0.5 1 1.5 2],2.0E-4,0.2,0.1,false,hab_quality/256/,false,true,4,0,
116,150,10,17,51,96,PQ,100,1000,0.001,0.002,1000,false,0.5,0.4,[0 0.5 1 1.5 2],2.0E-4,0.2,0.1,false,hab_quality/256/,false,true,4,0,
117,150,10,16,67,49,PQ,100,1000,0.001,0.002,1000,false,0.5,0.4,[0 0.5 1 1.5 2],2.0E-4,0.2,0.1,false,hab_quality/256/,false,true,4,0,
118,150,10,18,36,66,PQ,100,1000,0.001,0.002,1000,false,0.5,0.4,[0 0.5 1 1.5 2],2.0E-4,0.2,0.1,false,hab_quality/256/,false,true,4,0,
119,150,10,20,21,71,PQ,100,1000,0.001,0.002,1000,false,0.5,0.4,[0 0.5 1 1.5 2],2.0E-4,0.2,0.1,false,hab_quality/256/,false,true,4,0,
120,150,10,21,35,99,PQ,100,1000,0.001,0.002,1000,false,0.5,0.4,[0 0.5 1 1.5 2],2.0E-4,0.2,0.1,false,hab_quality/256/,false,true,4,0,
121,150,10,19,54,31,PQ,100,1000,0.001,0.002,1000,false,0.5,0.4,[0 0.5 1 1.5 2],2.0E-4,0.2,0.1,false,hab_quality/256/,false,true,4,0,
122,150,10,22,19,36,PQ,100,1000,0.001,0.002,1000,false,0.5,0.4,[0 0.5 1 1.5 2],2.0E-4,0.2,0.1,false,hab_quality/256/,false,true,4,0,
123,150,10,23,19,71,PQ,100,1000,0.001,0.002,1000,false,0.5,0.4,[0 0.5 1 1.5 2],2.0E-4,0.2,0.1,false,hab_quality/256/,false,true,4,0,
124,150,10,25,23,88,PQ,100,1000,0.001,0.002,1000,false,0.5,0.4,[0 0.5 1 1.5 2],2.0E-4,0.2,0.1,false,hab_quality/256/,false,true,4,0,
125,150,10,26,10,88,PQ,100,1000,0.001,0.002,1000,false,0.5,0.4,[0 0.5 1 1.5 2],2.0E-4,0.2,0.1,false,hab_quality/256/,false,true,4,0,
126,150,10,24,50,19,PQ,100,1000,0.001,0.002,1000,false,0.5,0.4,[0 0.5 1 1.5 2],2.0E-4,0.2,0.1,false,hab_quality/256/,false,true,4,0,
127,150,10,27,10,50,PQ,100,1000,0.001,0.002,1000,false,0.5,0.4,[0 0.5 1 1.5 2],2.0E-4,0.2,0.1,false,hab_quality/256/,false,true,4,0,
128,150,10,28,20,14,PQ,100,1000,0.001,0.002,1000,false,0.5,0.4,[0 0.5 1 1.5 2],2.0E-4,0.2,0.1,false,hab_quality/256/,false,true,4,0,
129,150,10,29,36,39,PQ,100,1000,0.001,0.002,1000,false,0.5,0.4,[0 0.5 1 1.5 2],2.0E-4,0.2,0.1,false,hab_quality/256/,false,true,4,0,
130,150,10,32,30,50,PQ,100,1000,0.001,0.002,1000,false,0.5,0.4,[0 0.5 1 1.5 2],2.0E-4,0.2,0.1,false,hab_quality/256/,false,true,4,0,
131,150,10,31,43,81,PQ,100,1000,0.001,0.002,1000,false,0.5,0.4,[0 0.5 1 1.5 2],2.0E-4,0.2,0.1,false,hab_quality/256/,false,true,4,0,
132,150,10,34,5,57,PQ,100,1000,0.001,0.002,1000,false,0.5,0.4,[0 0.5 1 1.5 2],2.0E-4,0.2,0.1,false,hab_quality/256/,false,true,4,0,
133,150,10,30,66,45,PQ,100,1000,0.001,0.002,1000,false,0.5,0.4,[0 0.5 1 1.5 2],2.0E-4,0.2,0.1,false,hab_quality/256/,false,true,4,0,
134,150,10,33,69,89,PQ,100,1000,0.001,0.002,1000,false,0.5,0.4,[0 0.5 1 1.5 2],2.0E-4,0.2,0.1,false,hab_quality/256/,false,true,4,0,
135,150,10,35,48,81,PQ,100,1000,0.001,0.002,1000,false,0.5,0.4,[0 0.5 1 1.5 2],2.0E-4,0.2,0.1,false,hab_quality/256/,false,true,4,0,
136,150,10,36,10,66,PQ,100,1000,0.001,0.002,1000,false,0.5,0.4,[0 0.5 1 1.5 2],2.0E-4,0.2,0.1,false,hab_quality/256/,false,true,4,0,
137,150,10,37,6,18,PQ,100,1000,0.001,0.002,1000,false,0.5,0.4,[0 0.5 1 1.5 2],2.0E-4,0.2,0.1,false,hab_quality/256/,false,true,4,0,
138,150,10,38,18,15,PQ,100,1000,0.001,0.002,1000,false,0.5,0.4,[0 0.5 1 1.5 2],2.0E-4,0.2,0.1,false,hab_quality/256/,false,true,4,0,
139,150,10,43,23,53,PQ,100,1000,0.001,0.002,1000,false,0.5,0.4,[0 0.5 1 1.5 2],2.0E-4,0.2,0.1,false,hab_quality/256/,false,true,4,0,
140,150,10,44,25,27,PQ,100,1000,0.001,0.002,1000,false,0.5,0.4,[0 0.5 1 1.5 2],2.0E-4,0.2,0.1,false,hab_quality/256/,false,true,4,0,
141,150,10,39,61,70,PQ,100,1000,0.001,0.002,1000,false,0.5,0.4,[0 0.5 1 1.5 2],2.0E-4,0.2,0.1,false,hab_quality/256/,false,true,4,0,
142,150,10,40,68,59,PQ,100,1000,0.001,0.002,1000,false,0.5,0.4,[0 0.5 1 1.5 2],2.0E-4,0.2,0.1,false,hab_quality/256/,false,true,4,0,
143,150,10,41,65,32,PQ,100,1000,0.001,0.002,1000,false,0.5,0.4,[0 0.5 1 1.5 2],2.0E-4,0.2,0.1,false,hab_quality/256/,false,true,4,0,
144,150,10,42,64,10,PQ,100,1000,0.001,0.002,1000,false,0.5,0.4,[0 0.5 1 1.5 2],2.0E-4,0.2,0.1,false,hab_quality/256/,false,true,4,0,
145,150,10,45,20,60,PQ,100,1000,0.001,0.002,1000,false,0.5,0.4,[0 0.5 1 1.5 2],2.0E-4,0.2,0.1,false,hab_quality/256/,false,true,4,0,
146,150,10,46,29,77,PQ,100,1000,0.001,0.002,1000,false,0.5,0.4,[0 0.5 1 1.5 2],2.0E-4,0.2,0.1,false,hab_quality/256/,false,true,4,0,
147,150,10,47,7,5,PQ,100,1000,0.001,0.002,1000,false,0.5,0.4,0,2.0E-4,0.2,0.1,false,hab_quality/256/,false,true,4,0,
148,150,10,48,36,30,PQ,100,1000,0.001,0.002,1000,false,0.5,0.4,[0 0.5 1 1.5 2],2.0E-4,0.2,0.1,false,hab_quality/256/,false,true,4,0,
149,150,10,49,33,24,PQ,100,1000,0.001,0.002,1000,false,0.5,0.4,[0 0.5 1 1.5 2],2.0E-4,0.2,0.1,false,hab_quality/256/,false,true,4,0,
150,150,10,50,18,33,PQ,100,1000,0.001,0.002,1000,false,0.5,0.4,[0 0.5 1 1.5 2],2.0E-4,0.2,0.1,false,hab_quality/256/,false,true,4,0,
151,150,10,52,12,13,PQ,100,1000,0.001,0.002,1000,false,0.5,0.4,[0 0.5 1 1.5 2],2.0E-4,0.2,0.1,false,hab_quality/256/,false,true,4,0,
152,150,10,53,48,70,PQ,100,1000,0.001,0.002,1000,false,0.5,0.4,[0 0.5 1 1.5 2],2.0E-4,0.2,0.1,false,hab_quality/256/,false,true,4,0,
153,150,10,54,19,8,PQ,100,1000,0.001,0.002,1000,false,0.5,0.4,[0 0.5 1 1.5 2],2.0E-4,0.2,0.1,false,hab_quality/256/,false,true,4,0,
154,150,10,51,68,37,PQ,100,1000,0.001,0.002,1000,false,0.5,0.4,[0 0.5 1 1.5 2],2.0E-4,0.2,0.1,false,hab_quality/256/,false,true,4,0,
155,150,10,57,14,68,PQ,100,1000,0.001,0.002,1000,false,0.5,0.4,[0 0.5 1 1.5 2],2.0E-4,0.2,0.1,false,hab_quality/256/,false,true,4,0,
156,150,10,56,38,8,PQ,100,1000,0.001,0.002,1000,false,0.5,0.4,[0 0.5 1 1.5 2],2.0E-4,0.2,0.1,false,hab_quality/256/,false,true,4,0,
157,150,10,55,51,34,PQ,100,1000,0.001,0.002,1000,false,0.5,0.4,[0 0.5 1 1.5 2],2.0E-4,0.2,0.1,false,hab_quality/256/,false,true,4,0,
158,150,10,59,27,70,PQ,100,1000,0.001,0.002,1000,false,0.5,0.4,[0 0.5 1 1.5 2],2.0E-4,0.2,0.1,false,hab_quality/256/,false,true,4,0,
159,150,10,58,40,87,PQ,100,1000,0.001,0.002,1000,false,0.5,0.4,[0 0.5 1 1.5 2],2.0E-4,0.2,0.1,false,hab_quality/256/,false,true,4,0,
160,150,10,61,27,63,PQ,100,1000,0.001,0.002,1000,false,0.5,0.4,[0 0.5 1 1.5 2],2.0E-4,0.2,0.1,false,hab_quality/256/,false,true,4,0,
161,150,10,62,17,7,PQ,100,1000,0.001,0.002,1000,false,0.5,0.4,[0 0.5 1 1.5 2],2.0E-4,0.2,0.1,false,hab_quality/256/,false,true,4,0,
162,150,10,60,66,38,PQ,100,1000,0.001,0.002,1000,false,0.5,0.4,[0 0.5 1 1.5 2],2.0E-4,0.2,0.1,false,hab_quality/256/,false,true,4,0,
163,150,10,63,58,9,PQ,100,1000,0.001,0.002,1000,false,0.5,0.4,[0 0.5 1 1.5 2],2.0E-4,0.2,0.1,false,hab_quality/256/,false,true,4,0,
164,150,10,66,15,47,PQ,100,1000,0.001,0.002,1000,false,0.5,0.4,[0 0.5 1 1.5 2],2.0E-4,0.2,0.1,false,hab_quality/256/,false,true,4,0,
165,150,10,64,49,21,PQ,100,1000,0.001,0.002,1000,false,0.5,0.4,[0 0.5 1 1.5 2],2.0E-4,0.2,0.1,false,hab_quality/256/,false,true,4,0,
166,150,10,65,58,60,PQ,100,1000,0.001,0.002,1000,false,0.5,0.4,[0 0.5 1 1.5 2],2.0E-4,0.2,0.1,false,hab_quality/256/,false,true,4,0,
167,150,10,67,47,43,PQ,100,1000,0.001,0.002,1000,false,0.5,0.4,[0 0.5 1 1.5 2],2.0E-4,0.2,0.1,false,hab_quality/256/,false,true,4,0,
168,150,10,70,41,36,PQ,100,1000,0.001,0.002,1000,false,0.5,0.4,[0 0.5 1 1.5 2],2.0E-4,0.2,0.1,false,hab_quality/256/,false,true,4,0,
169,150,10,68,54,66,PQ,100,1000,0.001,0.002,1000,false,0.5,0.4,[0 0.5 1 1.5 2],2.0E-4,0.2,0.1,false,hab_quality/256/,false,true,4,0,
170,150,10,71,58,88,PQ,100,1000,0.001,0.002,1000,false,0.5,0.4,[0 0.5 1 1.5 2],2.0E-4,0.2,0.1,false,hab_quality/256/,false,true,4,0,
171,150,10,72,10,63,PQ,100,1000,0.001,0.002,1000,false,0.5,0.4,[0 0.5 1 1.5 2],2.0E-4,0.2,0.1,false,hab_quality/256/,false,true,4,0,
172,150,10,69,66,65,PQ,100,1000,0.001,0.002,1000,false,0.5,0.4,[0 0.5 1 1.5 2],2.0E-4,0.2,0.1,false,hab_quality/256/,false,true,4,0,
173,150,10,73,36,23,PQ,100,1000,0.001,0.002,1000,false,0.5,0.4,[0 0.5 1 1.5 2],2.0E-4,0.2,0.1,false,hab_quality/256/,false,true,4,0,
174,150,10,74,6,69,PQ,100,1000,0.001,0.002,1000,false,0.5,0.4,[0 0.5 1 1.5 2],2.0E-4,0.2,0.1,false,hab_quality/256/,false,true,4,0,
175,150,10,75,52,45,PQ,100,1000,0.001,0.002,1000,false,0.5,0.4,[0 0.5 1 1.5 2],2.0E-4,0.2,0.1,false,hab_quality/256/,false,true,4,0,
176,150,10,76,51,86,PQ,100,1000,0.001,0.002,1000,false,0.5,0.4,[0 0.5 1 1.5 2],2.0E-4,0.2,0.1,false,hab_quality/256/,false,true,4,0,
177,150,10,78,34,71,PQ,100,1000,0.001,0.002,1000,false,0.5,0.4,[0 0.5 1 1.5 2],2.0E-4,0.2,0.1,false,hab_quality/256/,false,true,4,0,
178,150,10,79,41,79,PQ,100,1000,0.001,0.002,1000,false,0.5,0.4,[0 0.5 1 1.5 2],2.0E-4,0.2,0.1,false,hab_quality/256/,false,true,4,0,
179,150,10,77,59,62,PQ,100,1000,0.001,0.002,1000,false,0.5,0.4,[0 0.5 1 1.5 2],2.0E-4,0.2,0.1,false,hab_quality/256/,false,true,4,0,
180,150,10,81,10,63,PQ,100,1000,0.001,0.002,1000,false,0.5,0.4,[0 0.5 1 1.5 2],2.0E-4,0.2,0.1,false,hab_quality/256/,false,true,4,0,
181,150,10,80,64,70,PQ,100,1000,0.001,0.002,1000,false,0.5,0.4,[0 0.5 1 1.5 2],2.0E-4,0.2,0.1,false,hab_quality/256/,false,true,4,0,
182,150,10,82,19,54,PQ,100,1000,0.001,0.002,1000,false,0.5,0.4,[0 0.5 1 1.5 2],2.0E-4,0.2,0.1,false,hab_quality/256/,false,true,4,0,
183,150,10,84,11,32,PQ,100,1000,0.001,0.002,1000,false,0.5,0.4,[0 0.5 1 1.5 2],2.0E-4,0.2,0.1,false,hab_quality/256/,false,true,4,0,
184,150,10,83,27,87,PQ,100,1000,0.001,0.002,1000,false,0.5,0.4,[0 0.5 1 1.5 2],2.0E-4,0.2,0.1,false,hab_quality/256/,false,true,4,0,
185,150,10,85,36,90,PQ,100,1000,0.001,0.002,1000,false,0.5,0.4,[0 0.5 1 1.5 2],2.0E-4,0.2,0.1,false,hab_quality/256/,false,true,4,0,
186,150,10,86,23,9,PQ,100,1000,0.001,0.002,1000,false,0.5,0.4,[0 0.5 1 1.5 2],2.0E-4,0.2,0.1,false,hab_quality/256/,false,true,4,0,
187,150,10,87,11,75,PQ,100,1000,0.001,0.002,1000,false,0.5,0.4,[0 0.5 1 1.5 2],2.0E-4,0.2,0.1,false,hab_quality/256/,false,true,4,0,
188,150,10,90,32,53,PQ,100,1000,0.001,0.002,1000,false,0.5,0.4,[0 0.5 1 1.5 2],2.0E-4,0.2,0.1,false,hab_quality/256/,false,true,4,0,
189,150,10,88,64,77,PQ,100,1000,0.001,0.002,1000,false,0.5,0.4,[0 0.5 1 1.5 2],2.0E-4,0.2,0.1,false,hab_quality/256/,false,true,4,0,
190,150,10,92,25,28,PQ,100,1000,0.001,0.002,1000,false,0.5,0.4,[0 0.5 1 1.5 2],2.0E-4,0.2,0.1,false,hab_quality/256/,false,true,4,0,
191,150,10,91,46,34,PQ,100,1000,0.001,0.002,1000,false,0.5,0.4,[0 0.5 1 1.5 2],2.0E-4,0.2,0.1,false,hab_quality/256/,false,true,4,0,
192,150,10,89,62,46,PQ,100,1000,0.001,0.002,1000,false,0.5,0.4,[0 0.5 1 1.5 2],2.0E-4,0.2,0.1,false,hab_quality/256/,false,true,4,0,
193,150,10,93,39,65,PQ,100,1000,0.001,0.002,1000,false,0.5,0.4,[0 0.5 1 1.5 2],2.0E-4,0.2,0.1,false,hab_quality/256/,false,true,4,0,
194,150,10,94,42,10,PQ,100,1000,0.001,0.002,1000,false,0.5,0.4,[0 0.5 1 1.5 2],2.0E-4,0.2,0.1,false,hab_quality/256/,false,true,4,0,
195,150,10,98,12,70,PQ,100,1000,0.001,0.002,1000,false,0.5,0.4,[0 0.5 1 1.5 2],2.0E-4,0.2,0.1,false,hab_quality/256/,false,true,4,0,
196,150,10,97,27,36,PQ,100,1000,0.001,0.002,1000,false,0.5,0.4,[0 0.5 1 1.5 2],2.0E-4,0.2,0.1,false,hab_quality/256/,false,true,4,0,
197,150,10,96,41,98,PQ,100,1000,0.001,0.002,1000,false,0.5,0.4,[0 0.5 1 1.5 2],2.0E-4,0.2,0.1,false,hab_quality/256/,false,true,4,0,
198,150,10,99,21,57,PQ,100,1000,0.001,0.002,1000,false,0.5,0.4,[0 0.5 1 1.5 2],2.0E-4,0.2,0.1,false,hab_quality/256/,false,true,4,0,
199,150,10,95,67,92,PQ,100,1000,0.001,0.002,1000,false,0.5,0.4,[0 0.5 1 1.5 2],2.0E-4,0.2,0.1,false,hab_quality/256/,false,true,4,0,
200,150,10,3,5,32,MP,100,1000,0.001,0.002,1000,false,0.5,0.4,0,2.0E-4,0.2,0.1,false,hab_quality/256/,false,true,4,0,
201,150,10,0,29,59,MP,100,1000,0.001,0.002,1000,false,0.5,0.4,[0 0.5 1 1.5 2],2.0E-4,0.2,0.1,false,hab_quality/256/,false,true,4,0,
202,150,10,6,30,15,MP,100,1000,0.001,0.002,1000,false,0.5,0.4,[0 0.5 1 1.5 2],2.0E-4,0.2,0.1,false,hab_quality/256/,false,true,4,0,
203,150,10,4,49,92,MP,100,1000,0.001,0.002,1000,false,0.5,0.4,[0 0.5 1 1.5 2],2.0E-4,0.2,0.1,false,hab_quality/256/,false,true,4,0,
204,150,10,1,50,59,MP,100,1000,0.001,0.002,1000,false,0.5,0.4,[0 0.5 1 1.5 2],2.0E-4,0.2,0.1,false,hab_quality/256/,false,true,4,0,
205,150,10,2,57,41,MP,100,1000,0.001,0.002,1000,false,0.5,0.4,[0 0.5 1 1.5 2],2.0E-4,0.2,0.1,false,hab_quality/256/,false,true,4,0,
206,150,10,5,65,30,MP,100,1000,0.001,0.002,1000,false,0.5,0.4,[0 0.5 1 1.5 2],2.0E-4,0.2,0.1,false,hab_quality/256/,false,true,4,0,
207,150,10,8,6,24,MP,100,1000,0.001,0.002,1000,false,0.5,0.4,0,2.0E-4,0.2,0.1,false,hab_quality/256/,false,true,4,0,
208,150,10,7,18,80,MP,100,1000,0.001,0.002,1000,false,0.5,0.4,[0 0.5 1 1.5 2],2.0E-4,0.2,0.1,false,hab_quality/256/,false,true,4,0,
209,150,10,9,24,45,MP,100,1000,0.001,0.002,1000,false,0.5,0.4,[0 0.5 1 1.5 2],2.0E-4,0.2,0.1,false,hab_quality/256/,false,true,4,0,
210,150,10,10,5,53,MP,100,1000,0.001,0.002,1000,false,0.5,0.4,0,2.0E-4,0.2,0.1,false,hab_quality/256/,false,true,4,0,
211,150,10,12,20,42,MP,100,1000,0.001,0.002,1000,false,0.5,0.4,[0 0.5 1 1.5 2],2.0E-4,0.2,0.1,false,hab_quality/256/,false,true,4,0,
212,150,10,11,58,94,MP,100,1000,0.001,0.002,1000,false,0.5,0.4,[0 0.5 1 1.5 2],2.0E-4,0.2,0.1,false,hab_quality/256/,false,true,4,0,
213,150,10,13,46,95,MP,100,1000,0.001,0.002,1000,false,0.5,0.4,[0 0.5 1 1.5 2],2.0E-4,0.2,0.1,false,hab_quality/256/,false,true,4,0,
214,150,10,14,17,96,MP,100,1000,0.001,0.002,1000,false,0.5,0.4,[0 0.5 1 1.5 2],2.0E-4,0.2,0.1,false,hab_quality/256/,false,true,4,0,
215,150,10,15,20,47,MP,100,1000,0.001,0.002,1000,false,0.5,0.4,[0 0.5 1 1.5 2],2.0E-4,0.2,0.1,false,hab_quality/256/,false,true,4,0,
216,150,10,17,51,96,MP,100,1000,0.001,0.002,1000,false,0.5,0.4,[0 0.5 1 1.5 2],2.0E-4,0.2,0.1,false,hab_quality/256/,false,true,4,0,
217,150,10,16,67,49,MP,100,1000,0.001,0.002,1000,false,0.5,0.4,[0 0.5 1 1.5 2],2.0E-4,0.2,0.1,false,hab_quality/256/,false,true,4,0,
218,150,10,18,36,66,MP,100,1000,0.001,0.002,1000,false,0.5,0.4,[0 0.5 1 1.5 2],2.0E-4,0.2,0.1,false,hab_quality/256/,false,true,4,0,
219,150,10,20,21,71,MP,100,1000,0.001,0.002,1000,false,0.5,0.4,[0 0.5 1 1.5 2],2.0E-4,0.2,0.1,false,hab_quality/256/,false,true,4,0,
220,150,10,21,35,99,MP,100,1000,0.001,0.002,1000,false,0.5,0.4,[0 0.5 1 1.5 2],2.0E-4,0.2,0.1,false,hab_quality/256/,false,true,4,0,
221,150,10,19,54,31,MP,100,1000,0.001,0.002,1000,false,0.5,0.4,[0 0.5 1 1.5 2],2.0E-4,0.2,0.1,false,hab_quality/256/,false,true,4,0,
222,150,10,22,19,36,MP,100,1000,0.001,0.002,1000,false,0.5,0.4,[0 0.5 1 1.5 2],2.0E-4,0.2,0.1,false,hab_quality/256/,false,true,4,0,
223,150,10,23,19,71,MP,100,1000,0.001,0.002,1000,false,0.5,0.4,[0 0.5 1 1.5 2],2.0E-4,0.2,0.1,false,hab_quality/256/,false,true,4,0,
224,150,10,25,23,88,MP,100,1000,0.001,0.002,1000,false,0.5,0.4,[0 0.5 1 1.5 2],2.0E-4,0.2,0.1,false,hab_quality/256/,false,true,4,0,
225,150,10,26,10,88,MP,100,1000,0.001,0.002,1000,false,0.5,0.4,[0 0.5 1 1.5 2],2.0E-4,0.2,0.1,false,hab_quality/256/,false,true,4,0,
226,150,10,24,50,19,MP,100,1000,0.001,0.002,1000,false,0.5,0.4,[0 0.5 1 1.5 2],2.0E-4,0.2,0.1,false,hab_quality/256/,false,true,4,0,
227,150,10,27,10,50,MP,100,1000,0.001,0.002,1000,false,0.5,0.4,[0 0.5 1 1.5 2],2.0E-4,0.2,0.1,false,hab_quality/256/,false,true,4,0,
228,150,10,28,20,14,MP,100,1000,0.001,0.002,1000,false,0.5,0.4,[0 0.5 1 1.5 2],2.0E-4,0.2,0.1,false,hab_quality/256/,false,true,4,0,
229,150,10,29,36,39,MP,100,1000,0.001,0.002,1000,false,0.5,0.4,[0 0.5 1 1.5 2],2.0E-4,0.2,0.1,false,hab_quality/256/,false,true,4,0,
230,150,10,32,30,50,MP,100,1000,0.001,0.002,1000,false,0.5,0.4,[0 0.5 1 1.5 2],2.0E-4,0.2,0.1,false,hab_quality/256/,false,true,4,0,
231,150,10,31,43,81,MP,100,1000,0.001,0.002,1000,false,0.5,0.4,[0 0.5 1 1.5 2],2.0E-4,0.2,0.1,false,hab_quality/256/,false,true,4,0,
232,150,10,34,5,57,MP,100,1000,0.001,0.002,1000,false,0.5,0.4,[0 0.5 1 1.5 2],2.0E-4,0.2,0.1,false,hab_quality/256/,false,true,4,0,
233,150,10,30,66,45,MP,100,1000,0.001,0.002,1000,false,0.5,0.4,[0 0.5 1 1.5 2],2.0E-4,0.2,0.1,false,hab_quality/256/,false,true,4,0,
234,150,10,33,69,89,MP,100,1000,0.001,0.002,1000,false,0.5,0.4,[0 0.5 1 1.5 2],2.0E-4,0.2,0.1,false,hab_quality/256/,false,true,4,0,
235,150,10,36,10,66,MP,100,1000,0.001,0.002,1000,false,0.5,0.4,[0 0.5 1 1.5 2],2.0E-4,0.2,0.1,false,hab_quality/256/,false,true,4,0,
236,150,10,37,6,18,MP,100,1000,0.001,0.002,1000,false,0.5,0.4,[0 0.5 1 1.5 2],2.0E-4,0.2,0.1,false,hab_quality/256/,false,true,4,0,
237,150,10,38,18,15,MP,100,1000,0.001,0.002,1000,false,0.5,0.4,[0 0.5 1 1.5 2],2.0E-4,0.2,0.1,false,hab_quality/256/,false,true,4,0,
238,150,10,35,48,81,MP,100,1000,0.001,0.002,1000,false,0.5,0.4,[0 0.5 1 1.5 2],2.0E-4,0.2,0.1,false,hab_quality/256/,false,true,4,0,
239,150,10,39,61,70,MP,100,1000,0.001,0.002,1000,false,0.5,0.4,[0 0.5 1 1.5 2],2.0E-4,0.2,0.1,false,hab_quality/256/,false,true,4,0,
240,150,10,43,23,53,MP,100,1000,0.001,0.002,1000,false,0.5,0.4,[0 0.5 1 1.5 2],2.0E-4,0.2,0.1,false,hab_quality/256/,false,true,4,0,
241,150,10,44,25,27,MP,100,1000,0.001,0.002,1000,false,0.5,0.4,[0 0.5 1 1.5 2],2.0E-4,0.2,0.1,false,hab_quality/256/,false,true,4,0,
242,150,10,40,68,59,MP,100,1000,0.001,0.002,1000,false,0.5,0.4,[0 0.5 1 1.5 2],2.0E-4,0.2,0.1,false,hab_quality/256/,false,true,4,0,
243,150,10,41,65,32,MP,100,1000,0.001,0.002,1000,false,0.5,0.4,[0 0.5 1 1.5 2],2.0E-4,0.2,0.1,false,hab_quality/256/,false,true,4,0,
244,150,10,42,64,10,MP,100,1000,0.001,0.002,1000,false,0.5,0.4,[0 0.5 1 1.5 2],2.0E-4,0.2,0.1,false,hab_quality/256/,false,true,4,0,
245,150,10,45,20,60,MP,100,1000,0.001,0.002,1000,false,0.5,0.4,[0 0.5 1 1.5 2],2.0E-4,0.2,0.1,false,hab_quality/256/,false,true,4,0,
246,150,10,46,29,77,MP,100,1000,0.001,0.002,1000,false,0.5,0.4,[0 0.5 1 1.5 2],2.0E-4,0.2,0.1,false,hab_quality/256/,false,true,4,0,
247,150,10,47,7,5,MP,100,1000,0.001,0.002,1000,false,0.5,0.4,0,2.0E-4,0.2,0.1,false,hab_quality/256/,false,true,4,0,
248,150,10,48,36,30,MP,100,1000,0.001,0.002,1000,false,0.5,0.4,[0 0.5 1 1.5 2],2.0E-4,0.2,0.1,false,hab_quality/256/,false,true,4,0,
249,150,10,49,33,24,MP,100,1000,0.001,0.002,1000,false,0.5,0.4,[0 0.5 1 1.5 2],2.0E-4,0.2,0.1,false,hab_quality/256/,false,true,4,0,
250,150,10,50,18,33,MP,100,1000,0.001,0.002,1000,false,0.5,0.4,[0 0.5 1 1.5 2],2.0E-4,0.2,0.1,false,hab_quality/256/,false,true,4,0,
251,150,10,52,12,13,MP,100,1000,0.001,0.002,1000,false,0.5,0.4,[0 0.5 1 1.5 2],2.0E-4,0.2,0.1,false,hab_quality/256/,false,true,4,0,
252,150,10,54,19,8,MP,100,1000,0.001,0.002,1000,false,0.5,0.4,[0 0.5 1 1.5 2],2.0E-4,0.2,0.1,false,hab_quality/256/,false,true,4,0,
253,150,10,53,48,70,MP,100,1000,0.001,0.002,1000,false,0.5,0.4,[0 0.5 1 1.5 2],2.0E-4,0.2,0.1,false,hab_quality/256/,false,true,4,0,
254,150,10,51,68,37,MP,100,1000,0.001,0.002,1000,false,0.5,0.4,[0 0.5 1 1.5 2],2.0E-4,0.2,0.1,false,hab_quality/256/,false,true,4,0,
255,150,10,57,14,68,MP,100,1000,0.001,0.002,1000,false,0.5,0.4,[0 0.5 1 1.5 2],2.0E-4,0.2,0.1,false,hab_quality/256/,false,true,4,0,
256,150,10,56,38,8,MP,100,1000,0.001,0.002,1000,false,0.5,0.4,[0 0.5 1 1.5 2],2.0E-4,0.2,0.1,false,hab_quality/256/,false,true,4,0,
257,150,10,55,51,34,MP,100,1000,0.001,0.002,1000,false,0.5,0.4,[0 0.5 1 1.5 2],2.0E-4,0.2,0.1,false,hab_quality/256/,false,true,4,0,
258,150,10,59,27,70,MP,100,1000,0.001,0.002,1000,false,0.5,0.4,[0 0.5 1 1.5 2],2.0E-4,0.2,0.1,false,hab_quality/256/,false,true,4,0,
259,150,10,58,40,87,MP,100,1000,0.001,0.002,1000,false,0.5,0.4,[0 0.5 1 1.5 2],2.0E-4,0.2,0.1,false,hab_quality/256/,false,true,4,0,
260,150,10,61,27,63,MP,100,1000,0.001,0.002,1000,false,0.5,0.4,[0 0.5 1 1.5 2],2.0E-4,0.2,0.1,false,hab_quality/256/,false,true,4,0,
261,150,10,62,17,7,MP,100,1000,0.001,0.002,1000,false,0.5,0.4,[0 0.5 1 1.5 2],2.0E-4,0.2,0.1,false,hab_quality/256/,false,true,4,0,
262,150,10,60,66,38,MP,100,1000,0.001,0.002,1000,false,0.5,0.4,[0 0.5 1 1.5 2],2.0E-4,0.2,0.1,false,hab_quality/256/,false,true,4,0,
263,150,10,63,58,9,MP,100,1000,0.001,0.002,1000,false,0.5,0.4,[0 0.5 1 1.5 2],2.0E-4,0.2,0.1,false,hab_quality/256/,false,true,4,0,
264,150,10,66,15,47,MP,100,1000,0.001,0.002,1000,false,0.5,0.4,[0 0.5 1 1.5 2],2.0E-4,0.2,0.1,false,hab_quality/256/,false,true,4,0,
265,150,10,64,49,21,MP,100,1000,0.001,0.002,1000,false,0.5,0.4,[0 0.5 1 1.5 2],2.0E-4,0.2,0.1,false,hab_quality/256/,false,true,4,0,
266,150,10,65,58,60,MP,100,1000,0.001,0.002,1000,false,0.5,0.4,[0 0.5 1 1.5 2],2.0E-4,0.2,0.1,false,hab_quality/256/,false,true,4,0,
267,150,10,67,47,43,MP,100,1000,0.001,0.002,1000,false,0.5,0.4,[0 0.5 1 1.5 2],2.0E-4,0.2,0.1,false,hab_quality/256/,false,true,4,0,
268,150,10,70,41,36,MP,100,1000,0.001,0.002,1000,false,0.5,0.4,[0 0.5 1 1.5 2],2.0E-4,0.2,0.1,false,hab_quality/256/,false,true,4,0,
269,150,10,68,54,66,MP,100,1000,0.001,0.002,1000,false,0.5,0.4,[0 0.5 1 1.5 2],2.0E-4,0.2,0.1,false,hab_quality/256/,false,true,4,0,
270,150,10,72,10,63,MP,100,1000,0.001,0.002,1000,false,0.5,0.4,[0 0.5 1 1.5 2],2.0E-4,0.2,0.1,false,hab_quality/256/,false,true,4,0,
271,150,10,71,58,88,MP,100,1000,0.001,0.002,1000,false,0.5,0.4,[0 0.5 1 1.5 2],2.0E-4,0.2,0.1,false,hab_quality/256/,false,true,4,0,
272,150,10,69,66,65,MP,100,1000,0.001,0.002,1000,false,0.5,0.4,[0 0.5 1 1.5 2],2.0E-4,0.2,0.1,false,hab_quality/256/,false,true,4,0,
273,150,10,73,36,23,MP,100,1000,0.001,0.002,1000,false,0.5,0.4,[0 0.5 1 1.5 2],2.0E-4,0.2,0.1,false,hab_quality/256/,false,true,4,0,
274,150,10,74,6,69,MP,100,1000,0.001,0.002,1000,false,0.5,0.4,[0 0.5 1 1.5 2],2.0E-4,0.2,0.1,false,hab_quality/256/,false,true,4,0,
275,150,10,76,51,86,MP,100,1000,0.001,0.002,1000,false,0.5,0.4,[0 0.5 1 1.5 2],2.0E-4,0.2,0.1,false,hab_quality/256/,false,true,4,0,
276,150,10,78,34,71,MP,100,1000,0.001,0.002,1000,false,0.5,0.4,[0 0.5 1 1.5 2],2.0E-4,0.2,0.1,false,hab_quality/256/,false,true,4,0,
277,150,10,75,52,45,MP,100,1000,0.001,0.002,1000,false,0.5,0.4,[0 0.5 1 1.5 2],2.0E-4,0.2,0.1,false,hab_quality/256/,false,true,4,0,
278,150,10,77,59,62,MP,100,1000,0.001,0.002,1000,false,0.5,0.4,[0 0.5 1 1.5 2],2.0E-4,0.2,0.1,false,hab_quality/256/,false,true,4,0,
279,150,10,79,41,79,MP,100,1000,0.001,0.002,1000,false,0.5,0.4,[0 0.5 1 1.5 2],2.0E-4,0.2,0.1,false,hab_quality/256/,false,true,4,0,
280,150,10,80,64,70,MP,100,1000,0.001,0.002,1000,false,0.5,0.4,[0 0.5 1 1.5 2],2.0E-4,0.2,0.1,false,hab_quality/256/,false,true,4,0,
281,150,10,81,10,63,MP,100,1000,0.001,0.002,1000,false,0.5,0.4,[0 0.5 1 1.5 2],2.0E-4,0.2,0.1,false,hab_quality/256/,false,true,4,0,
282,150,10,82,19,54,MP,100,1000,0.001,0.002,1000,false,0.5,0.4,[0 0.5 1 1.5 2],2.0E-4,0.2,0.1,false,hab_quality/256/,false,true,4,0,
283,150,10,83,27,87,MP,100,1000,0.001,0.002,1000,false,0.5,0.4,[0 0.5 1 1.5 2],2.0E-4,0.2,0.1,false,hab_quality/256/,false,true,4,0,
284,150,10,84,11,32,MP,100,1000,0.001,0.002,1000,false,0.5,0.4,[0 0.5 1 1.5 2],2.0E-4,0.2,0.1,false,hab_quality/256/,false,true,4,0,
285,150,10,85,36,90,MP,100,1000,0.001,0.002,1000,false,0.5,0.4,[0 0.5 1 1.5 2],2.0E-4,0.2,0.1,false,hab_quality/256/,false,true,4,0,
286,150,10,86,23,9,MP,100,1000,0.001,0.002,1000,false,0.5,0.4,[0 0.5 1 1.5 2],2.0E-4,0.2,0.1,false,hab_quality/256/,false,true,4,0,
287,150,10,87,11,75,MP,100,1000,0.001,0.002,1000,false,0.5,0.4,[0 0.5 1 1.5 2],2.0E-4,0.2,0.1,false,hab_quality/256/,false,true,4,0,
288,150,10,90,32,53,MP,100,1000,0.001,0.002,1000,false,0.5,0.4,[0 0.5 1 1.5 2],2.0E-4,0.2,0.1,false,hab_quality/256/,false,true,4,0,
289,150,10,88,64,77,MP,100,1000,0.001,0.002,1000,false,0.5,0.4,[0 0.5 1 1.5 2],2.0E-4,0.2,0.1,false,hab_quality/256/,false,true,4,0,
290,150,10,89,62,46,MP,100,1000,0.001,0.002,1000,false,0.5,0.4,[0 0.5 1 1.5 2],2.0E-4,0.2,0.1,false,hab_quality/256/,false,true,4,0,
291,150,10,92,25,28,MP,100,1000,0.001,0.002,1000,false,0.5,0.4,[0 0.5 1 1.5 2],2.0E-4,0.2,0.1,false,hab_quality/256/,false,true,4,0,
292,150,10,91,46,34,MP,100,1000,0.001,0.002,1000,false,0.5,0.4,[0 0.5 1 1.5 2],2.0E-4,0.2,0.1,false,hab_quality/256/,false,true,4,0,
293,150,10,93,39,65,MP,100,1000,0.001,0.002,1000,false,0.5,0.4,[0 0.5 1 1.5 2],2.0E-4,0.2,0.1,false,hab_quality/256/,false,true,4,0,
294,150,10,94,42,10,MP,100,1000,0.001,0.002,1000,false,0.5,0.4,[0 0.5 1 1.5 2],2.0E-4,0.2,0.1,false,hab_quality/256/,false,true,4,0,
295,150,10,97,27,36,MP,100,1000,0.001,0.002,1000,false,0.5,0.4,[0 0.5 1 1.5 2],2.0E-4,0.2,0.1,false,hab_quality/256/,false,true,4,0,
296,150,10,96,41,98,MP,100,1000,0.001,0.002,1000,false,0.5,0.4,[0 0.5 1 1.5 2],2.0E-4,0.2,0.1,false,hab_quality/256/,false,true,4,0,
297,150,10,98,12,70,MP,100,1000,0.001,0.002,1000,false,0.5,0.4,[0 0.5 1 1.5 2],2.0E-4,0.2,0.1,false,hab_quality/256/,false,true,4,0,
298,150,10,99,21,57,MP,100,1000,0.001,0.002,1000,false,0.5,0.4,[0 0.5 1 1.5 2],2.0E-4,0.2,0.1,false,hab_quality/256/,false,true,4,0,
299,150,10,95,67,92,MP,100,1000,0.001,0.002,1000,false,0.5,0.4,[0 0.5 1 1.5 2],2.0E-4,0.2,0.1,false,hab_quality/256/,false,true,4,0,
