run_number,world-size,patch_resolution,landscape_number,hab_amount,clumpiness,specie,perceptual_range,initial_individuals,mortality_habitat,mortality_matrix,min_step_before_settle,dmean,dsd,origin_site,min_Ci,var_Ci,behaviours,discharge-rate,En_mean,En_sd,import_hab_quality_surface,hab_quality_folder,hab_quality_per_frag,ac_simple,autocorrelation,ac,
0,100,10,3,5,32,DA,200,1000,0.001,0.002,5,300,50,false,0.5,0.2,0,0.01,0.2,0.1,false,hab_quality/256/,false,true,4,0,
1,100,10,0,29,59,DA,200,1000,0.001,0.002,5,300,50,false,0.5,0.2,[0 0.5 1 1.5 2],0.01,0.2,0.1,false,hab_quality/256/,false,true,4,0,
2,100,10,6,30,15,DA,200,1000,0.001,0.002,5,300,50,false,0.5,0.2,[0 0.5 1 1.5 2],0.01,0.2,0.1,false,hab_quality/256/,false,true,4,0,
3,100,10,4,49,92,DA,200,1000,0.001,0.002,5,300,50,false,0.5,0.2,[0 0.5 1 1.5 2],0.01,0.2,0.1,false,hab_quality/256/,false,true,4,0,
4,100,10,1,50,59,DA,200,1000,0.001,0.002,5,300,50,false,0.5,0.2,[0 0.5 1 1.5 2],0.01,0.2,0.1,false,hab_quality/256/,false,true,4,0,
5,100,10,2,57,41,DA,200,1000,0.001,0.002,5,300,50,false,0.5,0.2,[0 0.5 1 1.5 2],0.01,0.2,0.1,false,hab_quality/256/,false,true,4,0,
6,100,10,5,65,30,DA,200,1000,0.001,0.002,5,300,50,false,0.5,0.2,[0 0.5 1 1.5 2],0.01,0.2,0.1,false,hab_quality/256/,false,true,4,0,
7,100,10,7,18,80,DA,200,1000,0.001,0.002,5,300,50,false,0.5,0.2,[0 0.5 1 1.5 2],0.01,0.2,0.1,false,hab_quality/256/,false,true,4,0,
8,100,10,8,6,24,DA,200,1000,0.001,0.002,5,300,50,false,0.5,0.2,0,0.01,0.2,0.1,false,hab_quality/256/,false,true,4,0,
9,100,10,9,24,45,DA,200,1000,0.001,0.002,5,300,50,false,0.5,0.2,[0 0.5 1 1.5 2],0.01,0.2,0.1,false,hab_quality/256/,false,true,4,0,
10,100,10,10,5,53,DA,200,1000,0.001,0.002,5,300,50,false,0.5,0.2,0,0.01,0.2,0.1,false,hab_quality/256/,false,true,4,0,
11,100,10,12,20,42,DA,200,1000,0.001,0.002,5,300,50,false,0.5,0.2,[0 0.5 1 1.5 2],0.01,0.2,0.1,false,hab_quality/256/,false,true,4,0,
12,100,10,14,17,96,DA,200,1000,0.001,0.002,5,300,50,false,0.5,0.2,[0 0.5 1 1.5 2],0.01,0.2,0.1,false,hab_quality/256/,false,true,4,0,
13,100,10,11,58,94,DA,200,1000,0.001,0.002,5,300,50,false,0.5,0.2,[0 0.5 1 1.5 2],0.01,0.2,0.1,false,hab_quality/256/,false,true,4,0,
14,100,10,13,46,95,DA,200,1000,0.001,0.002,5,300,50,false,0.5,0.2,[0 0.5 1 1.5 2],0.01,0.2,0.1,false,hab_quality/256/,false,true,4,0,
15,100,10,15,20,47,DA,200,1000,0.001,0.002,5,300,50,false,0.5,0.2,[0 0.5 1 1.5 2],0.01,0.2,0.1,false,hab_quality/256/,false,true,4,0,
16,100,10,17,51,96,DA,200,1000,0.001,0.002,5,300,50,false,0.5,0.2,[0 0.5 1 1.5 2],0.01,0.2,0.1,false,hab_quality/256/,false,true,4,0,
17,100,10,18,36,66,DA,200,1000,0.001,0.002,5,300,50,false,0.5,0.2,[0 0.5 1 1.5 2],0.01,0.2,0.1,false,hab_quality/256/,false,true,4,0,
18,100,10,16,67,49,DA,200,1000,0.001,0.002,5,300,50,false,0.5,0.2,[0 0.5 1 1.5 2],0.01,0.2,0.1,false,hab_quality/256/,false,true,4,0,
19,100,10,20,21,71,DA,200,1000,0.001,0.002,5,300,50,false,0.5,0.2,[0 0.5 1 1.5 2],0.01,0.2,0.1,false,hab_quality/256/,false,true,4,0,
20,100,10,19,54,31,DA,200,1000,0.001,0.002,5,300,50,false,0.5,0.2,[0 0.5 1 1.5 2],0.01,0.2,0.1,false,hab_quality/256/,false,true,4,0,
21,100,10,21,35,99,DA,200,1000,0.001,0.002,5,300,50,false,0.5,0.2,[0 0.5 1 1.5 2],0.01,0.2,0.1,false,hab_quality/256/,false,true,4,0,
22,100,10,22,19,36,DA,200,1000,0.001,0.002,5,300,50,false,0.5,0.2,[0 0.5 1 1.5 2],0.01,0.2,0.1,false,hab_quality/256/,false,true,4,0,
23,100,10,23,19,71,DA,200,1000,0.001,0.002,5,300,50,false,0.5,0.2,[0 0.5 1 1.5 2],0.01,0.2,0.1,false,hab_quality/256/,false,true,4,0,
24,100,10,25,23,88,DA,200,1000,0.001,0.002,5,300,50,false,0.5,0.2,[0 0.5 1 1.5 2],0.01,0.2,0.1,false,hab_quality/256/,false,true,4,0,
25,100,10,24,50,19,DA,200,1000,0.001,0.002,5,300,50,false,0.5,0.2,[0 0.5 1 1.5 2],0.01,0.2,0.1,false,hab_quality/256/,false,true,4,0,
26,100,10,26,10,88,DA,200,1000,0.001,0.002,5,300,50,false,0.5,0.2,[0 0.5 1 1.5 2],0.01,0.2,0.1,false,hab_quality/256/,false,true,4,0,
27,100,10,27,10,50,DA,200,1000,0.001,0.002,5,300,50,false,0.5,0.2,[0 0.5 1 1.5 2],0.01,0.2,0.1,false,hab_quality/256/,false,true,4,0,
28,100,10,28,20,14,DA,200,1000,0.001,0.002,5,300,50,false,0.5,0.2,[0 0.5 1 1.5 2],0.01,0.2,0.1,false,hab_quality/256/,false,true,4,0,
29,100,10,29,36,39,DA,200,1000,0.001,0.002,5,300,50,false,0.5,0.2,[0 0.5 1 1.5 2],0.01,0.2,0.1,false,hab_quality/256/,false,true,4,0,
30,100,10,31,43,81,DA,200,1000,0.001,0.002,5,300,50,false,0.5,0.2,[0 0.5 1 1.5 2],0.01,0.2,0.1,false,hab_quality/256/,false,true,4,0,
31,100,10,30,66,45,DA,200,1000,0.001,0.002,5,300,50,false,0.5,0.2,[0 0.5 1 1.5 2],0.01,0.2,0.1,false,hab_quality/256/,false,true,4,0,
32,100,10,32,30,50,DA,200,1000,0.001,0.002,5,300,50,false,0.5,0.2,[0 0.5 1 1.5 2],0.01,0.2,0.1,false,hab_quality/256/,false,true,4,0,
33,100,10,34,5,57,DA,200,1000,0.001,0.002,5,300,50,false,0.5,0.2,0,0.01,0.2,0.1,false,hab_quality/256/,false,true,4,0,
34,100,10,36,10,66,DA,200,1000,0.001,0.002,5,300,50,false,0.5,0.2,[0 0.5 1 1.5 2],0.01,0.2,0.1,false,hab_quality/256/,false,true,4,0,
35,100,10,37,6,18,DA,200,1000,0.001,0.002,5,300,50,false,0.5,0.2,0,0.01,0.2,0.1,false,hab_quality/256/,false,true,4,0,
36,100,10,38,18,15,DA,200,1000,0.001,0.002,5,300,50,false,0.5,0.2,[0 0.5 1 1.5 2],0.01,0.2,0.1,false,hab_quality/256/,false,true,4,0,
37,100,10,35,48,81,DA,200,1000,0.001,0.002,5,300,50,false,0.5,0.2,[0 0.5 1 1.5 2],0.01,0.2,0.1,false,hab_quality/256/,false,true,4,0,
38,100,10,33,69,89,DA,200,1000,0.001,0.002,5,300,50,false,0.5,0.2,[0 0.5 1 1.5 2],0.01,0.2,0.1,false,hab_quality/256/,false,true,4,0,
39,100,10,39,61,70,DA,200,1000,0.001,0.002,5,300,50,false,0.5,0.2,[0 0.5 1 1.5 2],0.01,0.2,0.1,false,hab_quality/256/,false,true,4,0,
40,100,10,43,23,53,DA,200,1000,0.001,0.002,5,300,50,false,0.5,0.2,[0 0.5 1 1.5 2],0.01,0.2,0.1,false,hab_quality/256/,false,true,4,0,
41,100,10,40,68,59,DA,200,1000,0.001,0.002,5,300,50,false,0.5,0.2,[0 0.5 1 1.5 2],0.01,0.2,0.1,false,hab_quality/256/,false,true,4,0,
42,100,10,42,64,10,DA,200,1000,0.001,0.002,5,300,50,false,0.5,0.2,[0 0.5 1 1.5 2],0.01,0.2,0.1,false,hab_quality/256/,false,true,4,0,
43,100,10,41,65,32,DA,200,1000,0.001,0.002,5,300,50,false,0.5,0.2,[0 0.5 1 1.5 2],0.01,0.2,0.1,false,hab_quality/256/,false,true,4,0,
44,100,10,44,25,27,DA,200,1000,0.001,0.002,5,300,50,false,0.5,0.2,[0 0.5 1 1.5 2],0.01,0.2,0.1,false,hab_quality/256/,false,true,4,0,
45,100,10,45,20,60,DA,200,1000,0.001,0.002,5,300,50,false,0.5,0.2,[0 0.5 1 1.5 2],0.01,0.2,0.1,false,hab_quality/256/,false,true,4,0,
46,100,10,46,29,77,DA,200,1000,0.001,0.002,5,300,50,false,0.5,0.2,[0 0.5 1 1.5 2],0.01,0.2,0.1,false,hab_quality/256/,false,true,4,0,
47,100,10,47,7,5,DA,200,1000,0.001,0.002,5,300,50,false,0.5,0.2,0,0.01,0.2,0.1,false,hab_quality/256/,false,true,4,0,
48,100,10,49,33,24,DA,200,1000,0.001,0.002,5,300,50,false,0.5,0.2,[0 0.5 1 1.5 2],0.01,0.2,0.1,false,hab_quality/256/,false,true,4,0,
49,100,10,48,36,30,DA,200,1000,0.001,0.002,5,300,50,false,0.5,0.2,[0 0.5 1 1.5 2],0.01,0.2,0.1,false,hab_quality/256/,false,true,4,0,
50,100,10,50,18,33,DA,200,1000,0.001,0.002,5,300,50,false,0.5,0.2,[0 0.5 1 1.5 2],0.01,0.2,0.1,false,hab_quality/256/,false,true,4,0,
51,100,10,52,12,13,DA,200,1000,0.001,0.002,5,300,50,false,0.5,0.2,[0 0.5 1 1.5 2],0.01,0.2,0.1,false,hab_quality/256/,false,true,4,0,
52,100,10,53,48,70,DA,200,1000,0.001,0.002,5,300,50,false,0.5,0.2,[0 0.5 1 1.5 2],0.01,0.2,0.1,false,hab_quality/256/,false,true,4,0,
53,100,10,51,68,37,DA,200,1000,0.001,0.002,5,300,50,false,0.5,0.2,[0 0.5 1 1.5 2],0.01,0.2,0.1,false,hab_quality/256/,false,true,4,0,
54,100,10,54,19,8,DA,200,1000,0.001,0.002,5,300,50,false,0.5,0.2,[0 0.5 1 1.5 2],0.01,0.2,0.1,false,hab_quality/256/,false,true,4,0,
55,100,10,55,51,34,DA,200,1000,0.001,0.002,5,300,50,false,0.5,0.2,[0 0.5 1 1.5 2],0.01,0.2,0.1,false,hab_quality/256/,false,true,4,0,
56,100,10,56,38,8,DA,200,1000,0.001,0.002,5,300,50,false,0.5,0.2,[0 0.5 1 1.5 2],0.01,0.2,0.1,false,hab_quality/256/,false,true,4,0,
57,100,10,57,14,68,DA,200,1000,0.001,0.002,5,300,50,false,0.5,0.2,[0 0.5 1 1.5 2],0.01,0.2,0.1,false,hab_quality/256/,false,true,4,0,
58,100,10,58,40,87,DA,200,1000,0.001,0.002,5,300,50,false,0.5,0.2,[0 0.5 1 1.5 2],0.01,0.2,0.1,false,hab_quality/256/,false,true,4,0,
59,100,10,59,27,70,DA,200,1000,0.001,0.002,5,300,50,false,0.5,0.2,[0 0.5 1 1.5 2],0.01,0.2,0.1,false,hab_quality/256/,false,true,4,0,
60,100,10,61,27,63,DA,200,1000,0.001,0.002,5,300,50,false,0.5,0.2,[0 0.5 1 1.5 2],0.01,0.2,0.1,false,hab_quality/256/,false,true,4,0,
61,100,10,60,66,38,DA,200,1000,0.001,0.002,5,300,50,false,0.5,0.2,[0 0.5 1 1.5 2],0.01,0.2,0.1,false,hab_quality/256/,false,true,4,0,
62,100,10,62,17,7,DA,200,1000,0.001,0.002,5,300,50,false,0.5,0.2,[0 0.5 1 1.5 2],0.01,0.2,0.1,false,hab_quality/256/,false,true,4,0,
63,100,10,63,58,9,DA,200,1000,0.001,0.002,5,300,50,false,0.5,0.2,[0 0.5 1 1.5 2],0.01,0.2,0.1,false,hab_quality/256/,false,true,4,0,
64,100,10,64,49,21,DA,200,1000,0.001,0.002,5,300,50,false,0.5,0.2,[0 0.5 1 1.5 2],0.01,0.2,0.1,false,hab_quality/256/,false,true,4,0,
65,100,10,66,15,47,DA,200,1000,0.001,0.002,5,300,50,false,0.5,0.2,[0 0.5 1 1.5 2],0.01,0.2,0.1,false,hab_quality/256/,false,true,4,0,
66,100,10,65,58,60,DA,200,1000,0.001,0.002,5,300,50,false,0.5,0.2,[0 0.5 1 1.5 2],0.01,0.2,0.1,false,hab_quality/256/,false,true,4,0,
67,100,10,67,47,43,DA,200,1000,0.001,0.002,5,300,50,false,0.5,0.2,[0 0.5 1 1.5 2],0.01,0.2,0.1,false,hab_quality/256/,false,true,4,0,
68,100,10,68,54,66,DA,200,1000,0.001,0.002,5,300,50,false,0.5,0.2,[0 0.5 1 1.5 2],0.01,0.2,0.1,false,hab_quality/256/,false,true,4,0,
69,100,10,70,41,36,DA,200,1000,0.001,0.002,5,300,50,false,0.5,0.2,[0 0.5 1 1.5 2],0.01,0.2,0.1,false,hab_quality/256/,false,true,4,0,
70,100,10,69,66,65,DA,200,1000,0.001,0.002,5,300,50,false,0.5,0.2,[0 0.5 1 1.5 2],0.01,0.2,0.1,false,hab_quality/256/,false,true,4,0,
71,100,10,71,58,88,DA,200,1000,0.001,0.002,5,300,50,false,0.5,0.2,[0 0.5 1 1.5 2],0.01,0.2,0.1,false,hab_quality/256/,false,true,4,0,
72,100,10,72,10,63,DA,200,1000,0.001,0.002,5,300,50,false,0.5,0.2,[0 0.5 1 1.5 2],0.01,0.2,0.1,false,hab_quality/256/,false,true,4,0,
73,100,10,73,36,23,DA,200,1000,0.001,0.002,5,300,50,false,0.5,0.2,[0 0.5 1 1.5 2],0.01,0.2,0.1,false,hab_quality/256/,false,true,4,0,
74,100,10,74,6,69,DA,200,1000,0.001,0.002,5,300,50,false,0.5,0.2,[0 0.5 1 1.5 2],0.01,0.2,0.1,false,hab_quality/256/,false,true,4,0,
75,100,10,75,52,45,DA,200,1000,0.001,0.002,5,300,50,false,0.5,0.2,[0 0.5 1 1.5 2],0.01,0.2,0.1,false,hab_quality/256/,false,true,4,0,
76,100,10,76,51,86,DA,200,1000,0.001,0.002,5,300,50,false,0.5,0.2,[0 0.5 1 1.5 2],0.01,0.2,0.1,false,hab_quality/256/,false,true,4,0,
77,100,10,77,59,62,DA,200,1000,0.001,0.002,5,300,50,false,0.5,0.2,[0 0.5 1 1.5 2],0.01,0.2,0.1,false,hab_quality/256/,false,true,4,0,
78,100,10,78,34,71,DA,200,1000,0.001,0.002,5,300,50,false,0.5,0.2,[0 0.5 1 1.5 2],0.01,0.2,0.1,false,hab_quality/256/,false,true,4,0,
79,100,10,79,41,79,DA,200,1000,0.001,0.002,5,300,50,false,0.5,0.2,[0 0.5 1 1.5 2],0.01,0.2,0.1,false,hab_quality/256/,false,true,4,0,
80,100,10,81,10,63,DA,200,1000,0.001,0.002,5,300,50,false,0.5,0.2,[0 0.5 1 1.5 2],0.01,0.2,0.1,false,hab_quality/256/,false,true,4,0,
81,100,10,82,19,54,DA,200,1000,0.001,0.002,5,300,50,false,0.5,0.2,[0 0.5 1 1.5 2],0.01,0.2,0.1,false,hab_quality/256/,false,true,4,0,
82,100,10,80,64,70,DA,200,1000,0.001,0.002,5,300,50,false,0.5,0.2,[0 0.5 1 1.5 2],0.01,0.2,0.1,false,hab_quality/256/,false,true,4,0,
83,100,10,83,27,87,DA,200,1000,0.001,0.002,5,300,50,false,0.5,0.2,[0 0.5 1 1.5 2],0.01,0.2,0.1,false,hab_quality/256/,false,true,4,0,
84,100,10,84,11,32,DA,200,1000,0.001,0.002,5,300,50,false,0.5,0.2,[0 0.5 1 1.5 2],0.01,0.2,0.1,false,hab_quality/256/,false,true,4,0,
85,100,10,86,23,9,DA,200,1000,0.001,0.002,5,300,50,false,0.5,0.2,[0 0.5 1 1.5 2],0.01,0.2,0.1,false,hab_quality/256/,false,true,4,0,
86,100,10,85,36,90,DA,200,1000,0.001,0.002,5,300,50,false,0.5,0.2,[0 0.5 1 1.5 2],0.01,0.2,0.1,false,hab_quality/256/,false,true,4,0,
87,100,10,87,11,75,DA,200,1000,0.001,0.002,5,300,50,false,0.5,0.2,[0 0.5 1 1.5 2],0.01,0.2,0.1,false,hab_quality/256/,false,true,4,0,
88,100,10,88,64,77,DA,200,1000,0.001,0.002,5,300,50,false,0.5,0.2,[0 0.5 1 1.5 2],0.01,0.2,0.1,false,hab_quality/256/,false,true,4,0,
89,100,10,89,62,46,DA,200,1000,0.001,0.002,5,300,50,false,0.5,0.2,[0 0.5 1 1.5 2],0.01,0.2,0.1,false,hab_quality/256/,false,true,4,0,
90,100,10,90,32,53,DA,200,1000,0.001,0.002,5,300,50,false,0.5,0.2,[0 0.5 1 1.5 2],0.01,0.2,0.1,false,hab_quality/256/,false,true,4,0,
91,100,10,92,25,28,DA,200,1000,0.001,0.002,5,300,50,false,0.5,0.2,[0 0.5 1 1.5 2],0.01,0.2,0.1,false,hab_quality/256/,false,true,4,0,
92,100,10,91,46,34,DA,200,1000,0.001,0.002,5,300,50,false,0.5,0.2,[0 0.5 1 1.5 2],0.01,0.2,0.1,false,hab_quality/256/,false,true,4,0,
93,100,10,93,39,65,DA,200,1000,0.001,0.002,5,300,50,false,0.5,0.2,[0 0.5 1 1.5 2],0.01,0.2,0.1,false,hab_quality/256/,false,true,4,0,
94,100,10,94,42,10,DA,200,1000,0.001,0.002,5,300,50,false,0.5,0.2,[0 0.5 1 1.5 2],0.01,0.2,0.1,false,hab_quality/256/,false,true,4,0,
95,100,10,96,41,98,DA,200,1000,0.001,0.002,5,300,50,false,0.5,0.2,[0 0.5 1 1.5 2],0.01,0.2,0.1,false,hab_quality/256/,false,true,4,0,
96,100,10,95,67,92,DA,200,1000,0.001,0.002,5,300,50,false,0.5,0.2,[0 0.5 1 1.5 2],0.01,0.2,0.1,false,hab_quality/256/,false,true,4,0,
97,100,10,97,27,36,DA,200,1000,0.001,0.002,5,300,50,false,0.5,0.2,[0 0.5 1 1.5 2],0.01,0.2,0.1,false,hab_quality/256/,false,true,4,0,
98,100,10,98,12,70,DA,200,1000,0.001,0.002,5,300,50,false,0.5,0.2,[0 0.5 1 1.5 2],0.01,0.2,0.1,false,hab_quality/256/,false,true,4,0,
99,100,10,99,21,57,DA,200,1000,0.001,0.002,5,300,50,false,0.5,0.2,[0 0.5 1 1.5 2],0.01,0.2,0.1,false,hab_quality/256/,false,true,4,0,
